                     node1        node2        node3        node4
total_cpd_20   7.63 (0.19)  6.86 (0.20)  8.57 (0.41)  8.82 (0.27)
cesd_20       -0.07 (0.16) -0.49 (0.16) -0.26 (0.28) -0.60 (0.21)
co_20          3.71 (0.18)  6.60 (0.20)  7.51 (0.47) 10.38 (0.31)
ltne_20        1.60 (0.04)  2.16 (0.03)  1.93 (0.07)  2.02 (0.06)
lnnal_visit20  0.76 (0.03)  0.96 (0.03)  0.87 (0.06)  1.05 (0.04)
lphet_visit20  0.27 (0.01)  0.27 (0.01)  0.23 (0.02)  0.22 (0.02)
lcema_visit20  0.68 (0.03)  0.81 (0.03)  0.68 (0.04)  0.86 (0.03)
lpgem_visit20 -0.05 (0.01)  0.05 (0.01) -0.12 (0.01)  0.03 (0.01)
liso_visit20   0.06 (0.01)  0.01 (0.01)  0.12 (0.02)  0.11 (0.02)
weight_gain   -1.79 (0.04) -1.87 (0.04) -1.84 (0.07) -1.81 (0.06)
