                     node1        node2        node3        node4
total_cpd_20   5.12 (0.20)  7.37 (0.17)  8.30 (0.16) 11.10 (0.25)
cesd_20        0.34 (0.11)  0.04 (0.07)  0.27 (0.09)  0.04 (0.14)
co_20          5.01 (0.34)  5.84 (0.31)  6.81 (0.32)  7.11 (0.51)
ltne_20        1.79 (0.08)  2.04 (0.05)  1.84 (0.06)  1.89 (0.08)
lnnal_visit20  0.88 (0.04)  0.92 (0.03)  0.88 (0.03)  0.81 (0.05)
lphet_visit20  0.32 (0.01)  0.23 (0.01)  0.29 (0.01)  0.15 (0.02)
lcema_visit20  0.70 (0.03)  0.64 (0.02)  0.89 (0.03)  0.82 (0.04)
lpgem_visit20 -0.00 (0.01) -0.04 (0.01)  0.03 (0.01) -0.00 (0.01)
liso_visit20   0.04 (0.01)  0.08 (0.01)  0.04 (0.01)  0.05 (0.02)
weight_gain   -1.95 (0.03) -1.85 (0.03) -1.77 (0.03) -1.67 (0.04)
