                     node1        node2        node3        node4
total_cpd_20   8.36 (0.24)  7.22 (0.15)  7.71 (0.39)  7.03 (0.64)
cesd_20       -0.49 (0.09)  0.18 (0.05)  0.94 (0.13)  2.33 (0.24)
co_20          7.04 (0.33)  6.41 (0.22)  3.65 (0.53)  2.53 (0.74)
ltne_20        1.98 (0.06)  2.02 (0.04)  1.50 (0.10)  0.99 (0.15)
lnnal_visit20  0.90 (0.04)  0.96 (0.02)  0.66 (0.06)  0.47 (0.09)
lphet_visit20  0.26 (0.01)  0.30 (0.01)  0.11 (0.02)  0.10 (0.03)
lcema_visit20  0.76 (0.03)  0.81 (0.02)  0.56 (0.05)  0.47 (0.08)
lpgem_visit20 -0.00 (0.01)  0.01 (0.01) -0.03 (0.01) -0.04 (0.03)
liso_visit20   0.08 (0.01)  0.03 (0.01)  0.04 (0.02)  0.22 (0.03)
weight_gain   -1.66 (0.03) -1.95 (0.02) -1.69 (0.05) -1.60 (0.08)
